    1
  522
  523
  525
  526
  528
  531
  532
  534
  535
  538
  544
  548
  550
  551
  555
  556
  559
  560
  561
  562
  563
  564
  566
  567
  568
  570
  572
  574
  577
  581
  582
  583
  585
  586
  588
  589
  592
  593
  595
  596
  597
  598
  599
  601
  602
  611
  614
  615
  616
  624
  625
  630
  663
  667
  672
  678
  688
  689
  702
  706
  707
  708
  712
  713
  715
  717
  722
  723
  750
  781
  870
  876
  882
  883
  893
  894
  896
  907
  912
  920
  959
  977
  987
  PID
 1008
 1009
 1034
 1058
 1064
 1070
 1071
 1072
 1074
 1075
 1081
 1082
 1086
 1089
 1095
 1097
 1101
 1102
 1105
 1106
 1135
 1146
 1153
 1154
 1192
 1193
 1194
 1195
 1198
 1199
 1209
 1210
 1211
 1217
 1219
 1226
 1233
 1237
 1264
 1303
 1305
 1306
 1308
 1312
 1313
 1316
 1317
 1336
 1388
 2124
 2287
 2502
 2507
 2510
 2524
 2539
 2581
 2832
 2878
 3324
 3325
 3326
 3327
 3331
 3332
 3335
 3338
 3354
 3364
 3366
 3367
 3374
 3390
 3391
 3396
 3400
 3416
 3511
 3527
 3551
 3602
 3613
 3639
 3937
 4241
 4314
 4509
 4511
 4516
 4518
 4519
 4551
 4552
 4553
 4562
 4570
 4573
 4575
 4583
 4618
 4619
 4622
 4650
 4662
 5031
 5034
 5047
 5202
 5933
 6034
 6189
 7150
 7316
 7321
 9357
 9433
 9615
 9637
 9640
 9641
 9953
10333
10336
10367
10394
10448
10454
10457
10464
10465
10471
10472
10473
10477
10479
10482
10484
10485
10490
10491
10500
10502
10513
10515
10518
10521
10522
10523
10530
10551
10552
10555
10574
10575
10578
10581
10583
10585
10588
10589
10597
10598
10599
10610
10612
10613
10617
10640
10680
10698
10702
10703
10728
10729
10829
10830
10879
10880
10898
10919
10920
10921
10924
10925
10927
10930
10968
10974
10980
11012
11044
11119
11120
11180
11194
11232
11236
11240
11241
11247
11248
11260
11261
11297
11299
11326
11384
11386
11388
11395
11419
11467
11468
11473
11476
11477
11492
11496
11497
11556
11618
11637
11640
11641
11787
11789
11790
11791
11792
11793
11794
11795
11796
11806
11811
11815
11816
11817
11820
11823
11828
11849
11850
11854
11855
11856
11857
11858
11860
11861
11862
11863
11865
11867
11868
11871
11872
11873
11874
11875
11878
11879
11881
11905
11906
11907
11910
11915
11916
11917
11918
11942
11943
11944
11945
11947
11949
11958
11965
11985
11988
11995
12008
12011
12024
12025
12026
12027
12028
12029
12030
12031
12032
12033
12034
12035
12036
12037
12038
12048
12049
12050
12051
12054
12058
12061
12076
12077
12078
12087
12088
12089
12110
12128
12129
12131
12133
12134
12135
